z2 = (1.061568,0.329438)
z3 = (1.003089,0.253723)
alpha = 0.0757149
beta = 1.15189
eta = 0.00371354
T = 0.66666667
ans = 0.22222
ans = 0.22222
m = 0.32616916
R = 0.00837733
d = 0.41411889
m+d < 1
Solution is:
x* = (1.000000, 0.250000)
Table 1
n: 1 x(1)n: 0.7029611634677623 x(2)n: 0.5313592243548252 err: 2.353799e-01
n: 2 x(1)n: 1.2870582391737480 x(2)n: 0.0509764025163119 err: 3.487172e-01
n: 3 x(1)n: 1.0688539033796349 x(2)n: 0.1837075271650188 err: 1.475370e-01
n: 4 x(1)n: 0.9727120859005791 x(2)n: 0.3132618441588043 err: 3.437104e-02
n: 5 x(1)n: 0.9397905155513004 x(2)n: 0.3343285084854082 err: 3.083995e-03
n: 6 x(1)n: 0.9383204784322101 x(2)n: 0.3312908801696560 err: 4.636653e-05
n: 7 x(1)n: 0.9383410858073497 x(2)n: 0.3312444807518934 err: 4.057758e-08
n: 8 x(1)n: 0.9383410452295752 x(2)n: 0.3312445136372174 err: 2.968736e-13
n: 9 x(1)n: 0.9383410452297656 x(2)n: 0.3312445136375143 err: 5.551115e-17
Table 2
n: 1 x(1)n: 0.8380633103097626 x(2)n: 0.4096710209352458 err: 1.002777e-01
n: 2 x(1)n: 0.9671504284898262 x(2)n: 0.3088816498691156 err: 2.880938e-02
n: 3 x(1)n: 0.9401498155763582 x(2)n: 0.3293393381113564 err: 1.905176e-03
n: 4 x(1)n: 0.9383494363047030 x(2)n: 0.3312501668841832 err: 8.391075e-06
n: 5 x(1)n: 0.9383410426310081 x(2)n: 0.3312445184176731 err: 4.780159e-09
n: 6 x(1)n: 0.9383410452297708 x(2)n: 0.3312445136375070 err: 7.327472e-15
n: 7 x(1)n: 0.9383410452297656 x(2)n: 0.3312445136375143 err: 5.551115e-17
Table 3
n: 1 x(1)n: 0.9812963959707791 x(2)n: 0.3345802402686147 err: 4.295535e-02
n: 2 x(1)n: 0.9408773086450005 x(2)n: 0.3318555241033401 err: 2.536263e-03
n: 3 x(1)n: 0.9383501073096226 x(2)n: 0.3312485113552779 err: 9.062080e-06
n: 4 x(1)n: 0.9383410453055870 x(2)n: 0.3312445138367638 err: 1.992496e-10
n: 5 x(1)n: 0.9383410452297656 x(2)n: 0.3312445136375143 err: 5.551115e-17
